0.0878396159317212
0.07058854907539117
0.017955192034139405
0.03714260312944523
0.05140113798008534
0.017955192034139405
0.015842816500711236
0.020067567567567567
0.031157539118065434
0.03538229018492176
0.0475284495021337
0.021123755334281645
0.04083926031294452
0.025348506401137987
0.03256578947368421
0.022179943100995733
0.04735241820768137
0.04858463726884779
0.021123755334281645
0.046296230440967284
0.04259957325746799
0.024292318634423903
0.036614509246088195
0.04471194879089616
0.029573257467994312
0.034502133712660026
0.025348506401137987
0.03379800853485063
0.021123755334281645
0.04541607396870554
0.03485419630156472
0.017955192034139405
0.020067567567567567
0.022179943100995733
0.06161095305832147
0.030629445234708397
0.040135135135135135
0.02851706970128023
0.032917852062588904
0.04119132290184922
0.029573257467994312
0.027460881934566143
0.029573257467994312
0.05580192034139402
0.022179943100995733
0.04541607396870554
0.026404694167852058
0.05210526315789473
0.02851706970128023
0.026404694167852058
0.031861664295874816
0.05104907539118065
0.022179943100995733
0.030277382645803697
0.024292318634423903
0.027636913229018494
0.027460881934566143
0.04946479374110952
0.049992887624466575
0.014786628733997156
0.08467105263157894
0.024292318634423903
0.023236130867709814
0.05333748221906117
0.030629445234708397
0.032037695590327174
0.026404694167852058
0.024292318634423903
0.026580725462304406
0.025348506401137987
0.06178698435277381
0.024292318634423903
0.037494665718349925
0.019011379800853483
0.050697012802275954
0.019011379800853483
0.06213904694167851
0.024292318634423903
0.035030227596017066
0.021123755334281645
0.0568581081081081
0.043831792318634426
0.020067567567567567
0.029221194879089613
0.026756756756756758
0.022179943100995733
0.07146870554765292
0.022179943100995733
0.044359886201991466
0.024292318634423903
0.044711948790896155
0.015842816500711236
0.020243598862019912
0.021123755334281645
0.05052098150782361
0.020067567567567567
0.05157716927453769
0.023236130867709814
0.022179943100995733
0.03362197724039829
0.031157539118065434
0.024292318634423903
0.035734352773826465
0.03943100995732575
0.021123755334281645
0.024468349928876244
0.03168563300142247
0.019011379800853483
0.05421763869132289
0.019011379800853483
0.022532005689900426
0.019011379800853483
0.03309388335704125
0.019011379800853483
0.022179943100995733
0.04083926031294452
0.024292318634423903
0.031861664295874816
0.014786628733997156
0.016899004267425317
0.029925320056898998
0.014786628733997156
0.0269327880512091
0.04207147937411095
0.022179943100995733
0.019011379800853483
0.03679054054054053
0.015842816500711236
0.050697012802275954
0.022179943100995733
0.015842816500711236
0.07428520625889046
0.020067567567567567
0.05527382645803698
0.020067567567567567
0.022532005689900426
0.017955192034139405
0.04242354196301564
0.021123755334281645
0.05685810810810809
0.011618065433854907
0.029573257467994305
0.03379800853485063
0.03168563300142247
0.015842816500711236
0.021299786628733997
0.031861664295874816
0.019011379800853483
0.03362197724039829
0.034326102418207674
0.031861664295874816
0.03326991465149361
0.033974039829302985
0.013730440967283071
0.050873044096728305
0.021123755334281645
0.041191322901849216
0.019011379800853483
0.027812944523470842
0.05052098150782361
0.015842816500711236
0.013730440967283071
0.02534850640113798
0.015842816500711236
0.03643847795163584
0.027812944523470842
0.023236130867709814
0.022179943100995733
0.04559210526315789
0.02816500711237553
0.012674253200568994
0.016899004267425317
0.037670697012802276
0.023236130867709814
0.023236130867709814
0.025348506401137987
0.027460881934566143
0.03555832147937411
0.032037695590327174
0.026404694167852058
0.04224751066856329
0.015842816500711236
0.03943100995732574
0.013730440967283071
0.02534850640113798
0.015842816500711236
0.025348506401137987
0.05826635846372688
0.024292318634423903
0.024292318634423903
0.035734352773826465
0.029573257467994312
0.05175320056899004
0.03168563300142247
0.04312766714082503
0.04805654338549076
0.027460881934566143
0.06460348506401138
0.03485419630156472
0.0568581081081081
0.07974217638691324
0.07446123755334282
0.03485419630156472
0.060554765291607394
0.06918029871977241
0.05597795163584639
0.059146514935988624
0.07622155049786629
0.06865220483641535
0.1297350640113798
0.06759601706970127
0.10280227596017068
0.06759601706970127
0.1413531294452347
0.09558499288762447
0.08238264580369845
0.12322190611664294
0.08660739687055476
0.08871977240398293
0.09188833570412516
0.11336415362731152
0.08555120910384068
0.09505689900426743
0.13888869132290185
0.11248399715504978
0.10139402560455195
0.11442034139402558
0.12903093883357042
0.12392603129445234
0.13888869132290185
0.10350640113798008
0.14681009957325747
0.21440611664295872
0.10667496443812235
0.18606507823613086
0.11406827880512092
0.10984352773826457
0.17057432432432432
0.11512446657183498
0.1649413229018492
0.12674253200568988
0.13219950213371268
0.11424431009957324
0.10139402560455195
0.09294452347083926
0.12269381223328593
0.10667496443812235
0.1959228307254623
0.10561877667140823
0.09188833570412516
0.09188833570412516
0.09400071123755334
0.11089971550497867
0.08555120910384068
0.11354018492176385
0.06759601706970127
0.06442745376955904
0.07833392603129444
0.06759601706970127
0.08942389758179232
0.054921763869132285
0.0755174253200569
0.08291073968705547
0.048584637268847805
0.054569701280227596
0.04647226173541963
0.044359886201991466
0.04805654338549076
0.04119132290184922
0.06900426742532005
0.026404694167852058
0.024292318634423903
0.024292318634423903
0.026404694167852058
0.06108285917496443
0.014786628733997156
0.032917852062588904
0.026404694167852058
0.03326991465149361
0.029573257467994312
0.05703413940256046
0.021123755334281645
0.05192923186344238
0.015842816500711236
0.04576813655761023
0.037494665718349925
0.014786628733997156
0.031861664295874816
0.024292318634423903
0.04541607396870554
0.024292318634423903
0.027284850640113795
0.012674253200568994
0.03274182076813656
0.010561877667140823
0.018307254623044097
0.02886913229018492
0.013730440967283071
0.024820412517780936
0.04013513513513513
0.016899004267425317
0.03221372688477951
0.015842816500711236
0.01813122332859175
0.016899004267425317
0.030981507823613086
0.016899004267425317
0.03238975817923186
0.012674253200568994
0.010561877667140823
0.021123755334281645
0.010561877667140823
0.01742709815078236
0.013730440967283071
0.016899004267425317
0.03819879089615932
0.013730440967283071
0.013730440967283071
0.030805476529160734
0.030629445234708393
0.017955192034139405
0.017955192034139405
0.03573435277382646
0.014786628733997156
0.02411628733997155
0.020771692745376952
0.009505689900426741
0.012674253200568994
0.025524537695590325
0.013730440967283071
0.0332699146514936
0.029749288762446657
0.012674253200568994
0.031157539118065434
0.017955192034139405
0.015842816500711236
0.013730440967283071
0.01865931721194879
0.009505689900426741
0.04207147937411095
0.014786628733997156
0.014962660028449499
0.011618065433854907
0.03608641536273115
0.014786628733997156
0.054921763869132285
0.010561877667140823
0.03978307254623043
0.012674253200568994
0.010561877667140823
0.01742709815078236
0.013730440967283071
0.036966571834992884
0.022884068278805115
0.009505689900426741
0.026404694167852058
0.0332699146514936
0.015842816500711236
0.030277382645803697
0.009505689900426741
0.02059566145092461
0.027284850640113795
0.020067567567567567
0.024996443812233288
0.015842816500711236
0.019891536273115216
0.006337126600284497
0.024820412517780936
0.011618065433854907
0.014962660028449499
0.019715504978662875
0.011618065433854907
0.03643847795163584
0.008449502133712658
0.018307254623044097
0.027284850640113795
0.026052631578947365
0.016899004267425317
0.0325657894736842
0.009505689900426741
0.007393314366998578
0.033974039829302985
0.014786628733997156
0.013730440967283071
0.047880512091038406
0.011618065433854907
0.03379800853485063
0.013730440967283071
0.031509601706970126
0.010561877667140823
0.012674253200568994
0.018307254623044097
0.02182788051209104
0.013730440967283071
0.014962660028449499
0.012674253200568994
0.027636913229018494
0.017955192034139405
0.029749288762446657
0.016899004267425317
0.03960704125177809
0.009505689900426741
0.008449502133712658
0.0362624466571835
0.016018847795163587
0.009505689900426741
0.05245732574679942
0.017955192034139405
0.016899004267425317
0.015842816500711236
0.018307254623044097
0.013730440967283071
0.041015291607396864
0.008449502133712658
0.019715504978662875
0.02059566145092461
0.015842816500711236
0.017251066856330013
0.011618065433854907
0.03872688477951636
0.009505689900426741
0.009505689900426741
0.03168563300142247
0.011618065433854907
0.021299786628733997
0.006337126600284497
0.02939722617354196
0.013730440967283071
0.03731863442389758
0.011618065433854907
0.04330369843527738
0.011618065433854907
0.011618065433854907
0.018307254623044097
0.017955192034139405
0.03221372688477951
0.014786628733997156
0.02200391180654338
0.011618065433854907
0.019891536273115216
0.010561877667140823
0.030453413940256042
0.011618065433854907
0.011618065433854907
0.017603129445234705
0.009505689900426741
0.017603129445234705
0.012850284495021335
0.009505689900426741
0.03520625889046941
0.011618065433854907
0.016018847795163587
0.027988975817923187
0.009505689900426741
0.012674253200568994
0.0418954480796586
0.014786628733997156
0.020771692745376952
0.012674253200568994
0.020947724039829304
0.011618065433854907
0.022355974395448078
0.008449502133712658
0.03520625889046941
0.012674253200568994
0.026580725462304406
0.015842816500711236
0.015842816500711236
0.031333570412517775
0.011618065433854907
0.037494665718349925
0.010561877667140823
0.007393314366998578
0.006337126600284497
0.011618065433854907
0.029221194879089613
0.011618065433854907
0.007393314366998578
0.018307254623044097
0.03819879089615932
0.014786628733997156
0.019539473684210527
0.01742709815078236
0.008449502133712658
0.01637091038406828
0.01865931721194879
0.010561877667140823
0.011618065433854907
0.014962660028449499
0.019715504978662875
0.011618065433854907
0.012674253200568994
0.014962660028449499
0.01742709815078236
0.010561877667140823
0.027108819345661447
0.008449502133712658
0.010561877667140823
0.019891536273115216
0.011618065433854907
0.019891536273115216
0.010561877667140823
0.022532005689900426
0.006337126600284497
0.012674253200568994
0.025172475106685632
0.026228662873399713
0.017075035561877668
0.010561877667140823
0.014082503556187766
0.010561877667140823
0.01742709815078236
0.01865931721194879
0.009505689900426741
0.020947724039829304
0.014786628733997156
0.02182788051209104
0.018483285917496442
0.009505689900426741
0.023588193456614504
0.009505689900426741
0.011618065433854907
0.022179943100995733
0.011618065433854907
0.017075035561877668
0.0325657894736842
0.010561877667140823
0.006337126600284497
0.03538229018492176
0.011618065433854907
0.012674253200568994
0.033974039829302985
0.009505689900426741
0.030453413940256042
0.012674253200568994
0.0269327880512091
0.009505689900426741
0.024468349928876244
0.014786628733997156
0.01742709815078236
0.009505689900426741
0.013026315789473683
0.009505689900426741
0.034502133712660026
0.0031685633001422484
0.03326991465149359
0.010561877667140823
0.009505689900426741
0.03168563300142247
0.011618065433854907
0.011618065433854907
0.024468349928876244
0.013906472261735421
0.008449502133712658
0.030453413940256042
0.013730440967283071
0.011618065433854907
0.018483285917496442
0.017251066856330013
0.013906472261735421
0.009505689900426741
0.010561877667140823
0.023588193456614504
0.008449502133712658
0.0389029160739687
0.009505689900426741
0.015314722617354197
0.010561877667140823
0.014258534850640115
0.007393314366998578
0.008449502133712658
0.009505689900426741
0.030805476529160734
0.006337126600284497
0.006337126600284497
0.011794096728307253
0.021123755334281645
0.010561877667140823
0.026756756756756758
0.014786628733997156
0.012674253200568994
0.012674253200568994
0.012674253200568994
0.014786628733997156
0.030277382645803697
0.010561877667140823
0.016546941678520624
0.008449502133712658
0.008625533428165006
0.005280938833570411
0.030981507823613086
0.007393314366998578
0.011970128022759602
0.009505689900426741
0.02816500711237553
0.011618065433854907
0.019891536273115216
0.010561877667140823
0.009505689900426741
0.021123755334281645
0.011618065433854907
0.010561877667140823
0.03415007112375532
0.008449502133712658
0.009505689900426741
0.010561877667140823
0.014962660028449499
0.031861664295874816
0.004224751066856329
0.028693100995732572
0.007393314366998578
0.014258534850640115
0.010561877667140823
0.022532005689900426
0.006337126600284497
0.007393314366998578
0.03415007112375532
0.011618065433854907
0.018835348506401138
0.008449502133712658
0.020067567567567564
0.013026315789473683
0.006337126600284497
0.021475817923186345
0.008449502133712658
0.009505689900426741
0.012850284495021335
0.021299786628733997
0.006337126600284497
0.027460881934566143
0.006337126600284497
0.03309388335704125
0.010561877667140823
0.008449502133712658
0.009505689900426741
0.013906472261735421
0.020947724039829304
0.011618065433854907
0.008449502133712658
0.006337126600284497
0.027284850640113795
0.009505689900426741
0.021475817923186345
0.005280938833570411
0.019011379800853483
0.011618065433854907
0.012850284495021335
0.015490753911806543
0.005280938833570411
0.007393314366998578
0.02851706970128023
0.007393314366998578
0.02376422475106685
0.008449502133712658
0.006337126600284497
0.015490753911806543
0.010561877667140823
0.024820412517780936
0.007393314366998578
0.008801564722617353
0.0031685633001422484
0.016899004267425317
0.009505689900426741
0.010561877667140823
0.016546941678520624
0.008449502133712658
0.007393314366998578
0.012146159317211948
0.006337126600284497
0.02270803698435277
0.007393314366998578
0.012322190611664294
0.0031685633001422484
0.011266002844950213
0.005280938833570411
0.007569345661450924
0.007569345661450924
0.005280938833570411
0.007393314366998578
0.014082503556187766
0.024820412517780936
0.006337126600284497
0.008625533428165006
0.008625533428165006
0.012498221906116642
0.0
0.011266002844950213
0.00968172119487909
0.016899004267425317
0.004224751066856329
0.025348506401137977
0.004224751066856329
0.005280938833570411
0.011266002844950213
0.0031685633001422484
0.011442034139402557
0.0021123755334281646
0.0031685633001422484
0.012322190611664294
0.014786628733997153
0.0010561877667140823
0.0021123755334281646
0.0031685633001422484
0.0089775960170697
0.004224751066856329
0.007921408250355618
0.0010561877667140823
0.006865220483641536
0.0021123755334281646
0.014962660028449499
0.0031685633001422484
0.004224751066856329
0.020771692745376952
0.0021123755334281646
0.0031685633001422484
0.006513157894736841
0.012498221906116642
0.0021123755334281646
0.012674253200568988
0.0021123755334281646
0.009153627311522047
0.0021123755334281646
0.009153627311522047
0.0021123755334281646
0.011442034139402557
0.0031685633001422484
0.012498221906116642
0.004224751066856329
0.0089775960170697
0.0031685633001422484
0.0010561877667140823
0.02217994310099573
0.0010561877667140823
0.0010561877667140823
0.014962660028449499
0.004224751066856329
0.013730440967283071
0.0021123755334281646
0.0
0.0033445945945945947
0.004400782361308676
0.0031685633001422484
0.0089775960170697
0.004224751066856329
0.012498221906116642
0.0031685633001422484
0.0010561877667140823
0.0010561877667140823
0.0045768136557610235
0.0010561877667140823
0.0010561877667140823
0.026580725462304406
0.006337126600284497
0.014610597439544806
0.005280938833570411
0.015666785206258887
0.013378378378378379
0.0031685633001422484
0.011266002844950213
0.005280938833570411
0.0089775960170697
0.0021123755334281646
0.0031685633001422484
0.004224751066856329
0.0077453769559032715
0.004224751066856329
0.0031685633001422484
0.0021123755334281646
0.017427098150782357
0.0010561877667140823
0.02341216216216216
0.0
0.008097439544807964
0.0021123755334281646
0.027988975817923183
0.0010561877667140823
0.008097439544807964
0.0010561877667140823
0.0021123755334281646
0.0031685633001422484
0.02200391180654338
0.0021123755334281646
0.012674253200568988
0.0021123755334281646
0.0031685633001422484
0.007921408250355618
0.0021123755334281646
0.0056330014224751064
0.0021123755334281646
0.007921408250355618
0.0031685633001422484
0.01020981507823613
0.0031685633001422484
0.0031685633001422484
0.005280938833570411
0.020595661450924604
0.004224751066856329
0.0021123755334281646
0.0031685633001422484
0.007921408250355618
0.0021123755334281646
0.0021123755334281646
0.0021123755334281646
0.009153627311522047
0.0021123755334281646
0.0031685633001422484
0.012674253200568988
0.0010561877667140823
0.0022884068278805117
0.0
0.0033445945945945947
0.0031685633001422484
0.011442034139402557
0.0021123755334281646
0.0056330014224751064
0.0021123755334281646
0.0010561877667140823
0.007921408250355618
0.004224751066856329
0.0077453769559032715
0.007921408250355618
0.0
0.0010561877667140823
0.008097439544807964
0.0010561877667140823
0.0010561877667140823
0.01637091038406828
0.0
0.007921408250355618
0.0089775960170697
0.0031685633001422484
0.0010561877667140823
0.008097439544807964
0.0010561877667140823
0.0010561877667140823
0.0010561877667140823
0.011618065433854904
0.0010561877667140823
0.0010561877667140823
0.0010561877667140823
0.009153627311522047
0.0031685633001422484
0.01020981507823613
0.0031685633001422484
0.0021123755334281646
0.0021123755334281646
0.0056330014224751064
0.0021123755334281646
0.0010561877667140823
0.0021123755334281646
0.0031685633001422484
0.006689189189189189
0.0031685633001422484
0.0021123755334281646
0.017251066856330013
0.004224751066856329
0.0056330014224751064
0.0
0.012674253200568988
0.004224751066856329
0.0031685633001422484
0.0021123755334281646
0.010385846372688476
0.0010561877667140823
0.0045768136557610235
0.0010561877667140823
0.010385846372688476
0.0021123755334281646
0.0010561877667140823
0.0021123755334281646
0.004400782361308676
0.0031685633001422484
0.004400782361308676
0.0021123755334281646
0.009153627311522047
0.0021123755334281646
0.0021123755334281646
0.004224751066856329
0.023060099573257466
0.0031685633001422484
0.010737908961593172
0.014786628733997156
0.041719416785206256
0.044359886201991466
0.036966571834992884
0.09523293029871978
0.06548364153627312
0.11336415362731152
0.13307965860597443
0.22831258890469414
0.23552987197724037
0.30629445234708386
0.38022759601706974
0.5148915362731151
0.5122510668563299
0.7104623044096728
0.7153911806543386
0.7076458036984353
0.8984637268847795
0.8005903271692744
0.99
0.9577862731152206
0.7467247510668563
0.7340504978662874
0.8458303698435276
0.6020270270270269
0.6046674964438121
0.5724537695590326
0.34854196301564727
0.2777773826458037
0.3061184210526316
0.19011379800853487
0.14786628733997154
0.11301209103840684
0.10262624466571836
0.06759601706970127
0.06407539118065435
0.025348506401137987
0.013730440967283071
0.021299786628733997
0.004224751066856329
0.015842816500711236
0.006337126600284497
0.011266002844950213
0.0021123755334281646
0.011442034139402557
0.0031685633001422484
0.011442034139402557
0.0021123755334281646
0.0045768136557610235
0.0
0.006865220483641536
0.004400782361308676
0.0021123755334281646
0.0010561877667140823
0.0010561877667140823
0.0021123755334281646
0.010385846372688476
0.0010561877667140823
0.011618065433854904
0.0010561877667140823
0.0022884068278805117
0.0
0.010385846372688476
0.004400782361308676
0.0010561877667140823
0.006865220483641536
0.0021123755334281646
0.012674253200568988
0.0021123755334281646
0.0010561877667140823
0.0
0.0010561877667140823
0.0021123755334281646
0.010385846372688476
0.0010561877667140823
0.0010561877667140823
0.004224751066856329
0.007393314366998578
0.020243598862019912
0.008449502133712658
0.006337126600284497
0.03714260312944523
0.022179943100995733
0.03274182076813656
0.050873044096728305
0.06548364153627312
0.11230796586059744
0.13096728307254624
0.19205014224751069
0.1932823613086771
0.27038406827880507
0.4089206970128022
0.46525071123755335
0.42986842105263157
0.6923310810810811
0.6062517780938834
0.7289455903271692
0.727361308677098
0.7013086770981508
0.9482805832147937
0.7129267425320057
0.6865220483641538
0.7219043385490753
0.6199822190611665
0.6509637268847795
0.46366642958748233
0.3981827880512091
0.33921230440967287
0.27672119487908964
0.21757467994310098
0.1732147937411095
0.1367763157894737
0.08977596017069703
0.059146514935988624
0.08836770981507823
0.019011379800853483
0.015842816500711236
0.044359886201991466
0.009505689900426741
0.004224751066856329
0.0031685633001422484
0.0021123755334281646
0.02570056899004267
0.0
0.005809032716927452
0.0010561877667140823
0.0010561877667140823
0.011618065433854904
0.0010561877667140823
0.0021123755334281646
0.008097439544807964
0.0
0.005809032716927452
0.0010561877667140823
0.005809032716927452
0.0
0.012674253200568988
0.007921408250355618
0.0
0.0010561877667140823
0.0021123755334281646
0.004400782361308676
0.0031685633001422484
