0.06681638964051026
0.030767684576729806
0.02250173946656359
0.0229609586393506
0.05778507924236567
0.029849246231155778
0.05755546965597217
0.036278314650173955
0.03581909547738694
0.09459914959412448
0.04316660224197913
0.061688442211055294
0.0495956706609973
0.05143254735214536
0.0589331271743332
0.06337224584460767
0.10439582528024739
0.0688828759180518
0.06566834170854272
0.06980131426362583
0.09666563587166603
0.0730158484731349
0.07623038268264401
0.13478082721298804
0.06934209509083883
0.07852647854657907
0.07852647854657907
0.10286509470429069
0.0720974101275609
0.09888519520680325
0.07668960185543101
0.07975106300734443
0.0890119829918825
0.06520912253575571
0.061994588326246616
0.07668960185543101
0.05464708156165443
0.09995670660997295
0.05648395825280248
0.053269424043293406
0.056790104367993824
0.04500347893312718
0.07232701971395439
0.049136451488210296
0.06964824120603015
0.038115191341322005
0.030308465403942796
0.05533591032083495
0.04064089679165057
0.03581909547738694
0.033522999613451884
0.03122690374951682
0.031686122922303835
0.03306378044066487
0.061305759567066104
0.029849246231155778
0.028471588712794742
0.028930807885581764
0.04339621182837263
0.02571627367607268
0.04546269810591419
0.028471588712794742
0.027553150367220718
0.034671047545419414
0.02801236954000774
0.06980131426362583
0.028930807885581764
0.05885659064553537
0.03214534209509084
0.03122690374951682
0.046457672980286045
0.032604561267877856
0.03436490143022807
0.028471588712794742
0.036354851178971775
0.033522999613451884
0.0730158484731349
0.029849246231155778
0.06666331658291458
0.03765597216853498
0.03398221878623889
0.03826826439891766
0.04270738306919212
0.039033629686896026
0.04148279860842675
0.04408504058755316
0.03857441051410901
0.0587035175879397
0.04362582141476614
0.07232701971395439
0.059698492462311556
0.06658678005411674
0.07439350599149595
0.13041824507151142
0.14052106687282567
0.189198299188249
0.3236729802860457
0.30354387321221493
0.38857595670661
0.47207730962504846
0.681863935059915
0.6732918438345576
0.7821267877850793
0.7839636644762273
0.855754928488597
0.7526602241979127
0.7564105141090067
0.7353629686896019
0.5510630073444144
0.5325411673753384
0.37013065326633177
0.30675840742172406
0.24476381909547745
0.1836876691148048
0.1299590258987244
0.10309470429068422
0.06245380749903364
0.05005488983378431
0.04622806339389255
0.027093931194433714
0.02250173946656359
0.019287205257054504
0.02579281020487051
0.022654812524159264
0.020741399304213374
0.022119056822574416
0.013317356010823352
0.027093931194433714
0.02250173946656359
0.03581909547738694
0.023190568225744106
0.01561345187475841
0.012398917665249325
0.02939002705836877
0.009643602628527252
0.015154232701971398
0.031379976807112485
0.016991109393119444
0.01607267104754542
0.016531890220332433
0.02954310011596444
0.021124081948202558
0.022654812524159264
0.022731349052957095
0.019287205257054504
0.02694085813683804
0.03382914572864321
0.027553150367220718
0.032528024739080015
0.029849246231155778
0.030308465403942796
0.06643370699652107
0.03214534209509084
0.036278314650173955
0.06520912253575571
0.048218013142636254
0.048218013142636254
0.0495956706609973
0.058091225357557015
0.052810204870506375
0.0730158484731349
0.0699543873212215
0.06482643989176654
0.06245380749903364
0.0610761499806726
0.06612756088132973
0.11189640510243527
0.07806725937379205
0.0730158484731349
0.07531194433706996
0.08097564746810978
0.0835778894472362
0.11962659451101662
0.08679242365674529
0.13615848473134906
0.0799041360649401
0.1106718206416699
0.08633320448395826
0.08311867027444919
0.08702203324313877
0.07714882102821802
0.10179358330112101
0.07439350599149595
0.0801337456513336
0.07370467723231543
0.06750521839969079
0.06750521839969079
0.08709856977193661
0.05464708156165443
0.05005488983378431
0.06077000386548125
0.06352531890220332
0.06582141476613838
0.050973328179358346
0.08893544646308466
0.04729957479706225
0.0671225357557016
0.03949284885968304
0.04997835330498648
0.0344414379590259
0.03888055662930035
0.02801236954000774
0.026175492848859686
0.05441747197526092
0.0229609586393506
0.021659837649787402
0.01882798608426749
0.04217162736760727
0.011939698492462313
0.037349826053343645
0.013776575183610359
0.021889447236180904
0.01951681484344801
0.008725164282953229
0.016225744105141094
0.0114804793196753
0.023114031696946275
0.013317356010823352
0.013317356010823352
0.017986084267491303
0.011939698492462313
0.011097796675686125
0.008725164282953229
0.015230769230769232
0.011021260146888291
0.013087746424429843
0.010562040974101279
0.015996134518747585
0.020741399304213374
0.008265945110166217
0.007347506764592193
0.031226903749516813
0.00918438345574024
0.01285813683803634
0.030385001932740626
0.009643602628527252
0.00918438345574024
0.008725164282953229
0.01737379203710862
0.00918438345574024
0.011097796675686125
0.013087746424429843
0.011021260146888291
0.01836876691148048
0.007347506764592193
0.02135369153459606
0.01400618477000387
0.010102821801314266
0.01737379203710862
0.007806725937379205
0.007806725937379205
0.00987321221492076
0.008419018167761886
0.005510630073444146
0.018139157325086978
0.007806725937379205
0.012551990722844996
0.005051410900657133
0.01347042906841902
0.010179358330112099
0.010179358330112099
0.010255894858909936
0.007806725937379205
0.010332431387707768
0.008801700811751063
0.007347506764592193
0.008801700811751063
0.009796675686122924
0.008265945110166217
0.010791650560494782
0.008725164282953229
0.017450328565906458
0.007806725937379205
0.006888287591805179
0.007347506764592193
0.013393892539621184
0.008725164282953229
0.016455353691534596
0.007347506764592193
0.018292230382682646
0.015077696173173562
0.010102821801314266
0.01576652493235408
0.00918438345574024
0.00918438345574024
0.011327406262079629
0.007347506764592193
0.018598376497873985
0.006888287591805179
0.022195593351372243
0.006888287591805179
0.005510630073444146
0.013011209895632005
0.008265945110166217
0.017603401623502126
0.005510630073444146
0.017679938152299964
0.006888287591805179
0.01347042906841902
0.007806725937379205
0.007347506764592193
0.007347506764592193
0.019593351372245847
0.007347506764592193
0.0088782373405489
0.007347506764592193
0.007347506764592193
0.00788326246617704
0.006888287591805179
0.007959798994974876
0.005969849246231156
0.014006184770003866
0.008265945110166217
0.009413993042133745
0.005969849246231156
0.005969849246231156
0.010332431387707768
0.010102821801314266
0.016838036335523773
0.008265945110166217
0.00642906841901817
0.0114804793196753
0.007347506764592193
0.008725164282953229
0.011174333204483959
0.016455353691534596
0.005969849246231156
0.02196598376497874
0.011939698492462313
0.011939698492462313
0.026328565906455357
0.019287205257054504
0.020664862775415543
0.024338616157711646
0.030767684576729806
0.03995206803247005
0.049136451488210296
0.059698492462311556
0.0786030150753769
0.08679242365674529
0.10240587553150368
0.16899265558562043
0.17496250483185158
0.16991109393119444
0.18644298415152688
0.23925318902203324
0.22777270970235794
0.331403169694627
0.2635918051797449
0.3195400077309625
0.3148712794742946
0.3544406648627754
0.3150243525318902
0.34326633165829157
0.3800804020100503
0.3118098183223812
0.3233668341708543
0.34655740239659844
0.2635918051797449
0.311886354851179
0.23006880556629303
0.21445535369153462
0.25042752222651726
0.14557247777348284
0.1368473134905296
0.15827754155392346
0.10929416312330886
0.11082489369926557
0.07255662930034791
0.08051642829532278
0.04867723231542329
0.04278391959798995
0.04286045612678779
0.022042520293776582
0.03000231928875145
0.016531890220332433
0.019287205257054504
0.01285813683803634
0.013317356010823352
0.022807885581754932
0.007806725937379205
0.008725164282953229
0.023190568225744106
0.005510630073444146
0.006505604947816003
0.005969849246231156
0.013776575183610359
0.003214534209509085
0.023343641283339777
0.008265945110166217
0.008725164282953229
0.010791650560494782
0.00987321221492076
0.005969849246231156
0.00642906841901817
0.011939698492462313
0.008265945110166217
0.020588326246617706
0.006888287591805179
0.01722071897951295
0.00459219172787012
0.00642906841901817
0.011403942790877466
0.01086818708929262
0.006888287591805179
0.01102126014688829
0.006505604947816003
0.0036737533822960963
0.005510630073444146
0.011097796675686122
0.005969849246231156
0.007347506764592193
0.016608426749130267
0.005969849246231156
0.005969849246231156
0.011403942790877466
0.00918438345574024
0.013393892539621184
0.006888287591805179
0.005051410900657133
0.015154232701971396
0.006888287591805179
0.008801700811751063
0.012398917665249325
0.007347506764592193
0.005969849246231156
0.005969849246231156
0.006888287591805179
0.02020564360262853
0.005969849246231156
0.00459219172787012
0.014312330885195209
0.004132972555083108
0.009107846926942406
0.007500579822187862
0.005510630073444146
0.017144182450715115
0.007347506764592193
0.013929648241206032
0.01201623502126015
0.0036737533822960963
0.011557015848473138
0.01247545419404716
0.00642906841901817
0.007347506764592193
0.017144182450715115
0.005510630073444146
0.005051410900657133
0.0177564746810978
0.005969849246231156
0.01102126014688829
0.006888287591805179
0.00642906841901817
0.00803633552377271
0.005051410900657133
0.0070413606494008525
0.005969849246231156
0.02020564360262853
0.006888287591805179
0.006888287591805179
0.01247545419404716
0.007347506764592193
0.006888287591805179
0.00642906841901817
0.018674913026671822
0.00642906841901817
0.010408967916505606
0.009337456513335913
0.010026285272516429
0.004132972555083108
0.0177564746810978
0.007959798994974876
0.0036737533822960963
0.0036737533822960963
0.008189408581368381
0.0055871666022419796
0.004132972555083108
0.004132972555083108
0.004132972555083108
0.012781600309238503
0.00459219172787012
0.011786625434866641
0.0036737533822960963
0.007653652879783533
0.007653652879783533
0.0036737533822960963
0.018904522613065328
0.005051410900657133
0.010255894858909934
0.003214534209509085
0.003214534209509085
0.008801700811751063
0.0036737533822960963
0.0036737533822960963
0.007347506764592193
0.0018368766911480482
0.00834248163896405
0.004132972555083108
0.00459219172787012
0.005051410900657133
0.008189408581368381
0.0036737533822960963
0.00229609586393506
0.010408967916505606
0.003214534209509085
0.004745264785465791
0.003214534209509085
0.0088782373405489
0.00229609586393506
0.002755315036722073
0.003214534209509085
0.016531890220332433
0.00229609586393506
0.003750289911093931
0.004209509083880943
0.004745264785465791
0.0038268264398917664
0.0009184383455740241
0.004898337843061462
0.002755315036722073
0.006352531890220333
0.00229609586393506
0.007959798994974876
0.0013776575183610364
0.002755315036722073
0.008954773869346733
0.0013776575183610364
0.0013776575183610364
0.007424043293390026
0.002755315036722073
0.010408967916505606
0.002755315036722073
0.005893312717433321
0.0013776575183610364
0.0009184383455740241
0.004898337843061462
0.0043625821414766145
0.0013776575183610364
0.003367607267104755
0.00229609586393506
0.0043625821414766145
0.0018368766911480482
0.007500579822187862
0.0009184383455740241
0.012092771550057982
0.0018368766911480482
0.003367607267104755
0.0018368766911480482
0.0018368766911480482
0.002755315036722073
0.01048550444530344
0.0013776575183610364
0.008954773869346733
0.0032910707383069196
0.0009184383455740241
0.0088782373405489
0.007270970235794356
0.00229609586393506
0.0038268264398917664
0.003367607267104755
0.0009184383455740241
0.0043625821414766145
0.006429068419018168
0.0009184383455740241
0.00428604561267878
0.009949748743718593
0.0013776575183610364
0.002831851565519907
0.0043625821414766145
0.0018368766911480482
0.0046687282566679564
0.011863161963664477
0.002755315036722073
0.00229609586393506
0.0032910707383069196
0.0043625821414766145
0.0013776575183610364
0.00229609586393506
0.0114804793196753
0.00229609586393506
0.0009184383455740241
0.0018368766911480482
0.006964824120603016
0.0013776575183610364
0.005357557015848473
0.004821801314263626
0.0018368766911480482
0.002755315036722073
0.006888287591805179
0.0018368766911480482
0.00229609586393506
0.0043625821414766145
0.0018368766911480482
0.0009184383455740241
0.0018368766911480482
0.007959798994974876
0.0018368766911480482
0.0018368766911480482
0.0018368766911480482
0.002755315036722073
0.00949052957093158
0.0009184383455740241
0.009567066099729415
0.0013776575183610364
0.00443911867027445
0.0013776575183610364
0.003367607267104755
0.003367607267104755
0.0013776575183610364
0.007500579822187862
0.0013776575183610364
0.0018368766911480482
0.00229609586393506
0.005893312717433321
0.0018368766911480482
0.004974874371859297
0.00045921917278701204
0.00045921917278701204
0.006046385775028991
0.0009184383455740241
0.0043625821414766145
0.00428604561267878
0.002755315036722073
0.00229609586393506
0.005357557015848473
0.00229609586393506
0.0018368766911480482
0.0013776575183610364
0.0009184383455740241
0.0043625821414766145
0.003214534209509085
0.006888287591805179
0.0013776575183610364
0.0013776575183610364
0.002908388094317743
0.0013776575183610364
0.0009184383455740241
0.0009184383455740241
0.0039033629686896017
0.00229609586393506
0.006429068419018168
0.0013776575183610364
0.00045921917278701204
0.0034441437959025897
0.0018368766911480482
0.002908388094317743
0.0009184383455740241
0.007424043293390026
0.003214534209509085
0.0032910707383069196
0.0018368766911480482
0.00229609586393506
0.005893312717433321
0.0018368766911480482
0.002831851565519907
0.00443911867027445
0.00045921917278701204
0.00045921917278701204
0.004974874371859297
0.0018368766911480482
0.008495554696559722
0.0013776575183610364
0.002831851565519907
0.0038268264398917664
0.00229609586393506
0.00229609586393506
0.00229609586393506
0.005969849246231156
0.00045921917278701204
0.0013776575183610364
0.005434093544646309
0.0018368766911480482
0.006888287591805179
0.0038268264398917664
0.0009184383455740241
0.003367607267104755
0.0032910707383069196
0.002755315036722073
0.00673521453420951
0.00459219172787012
0.005969849246231156
0.02058832624661771
0.01836876691148048
0.028930807885581764
0.040411287205257065
0.059698492462311556
0.08449632779281023
0.13225512176265947
0.15246076536528802
0.20343409354464637
0.2544074217240047
0.32834170854271366
0.4256961731735602
0.5896374178585234
0.5698909934286819
0.6784963277928103
0.7457719366061075
0.8536884422110553
0.9893877077696176
0.8614951681484347
0.99
0.9575485117897181
0.8645566293003482
0.8098330112098958
0.7686563587166604
0.7043656745264787
0.5625434866640896
0.5464708156165442
0.4293699265558562
0.3650792423656745
0.2548666408967917
0.223563200618477
0.15705295709315814
0.10745728643216082
0.07714882102821802
0.06490297642056438
0.040411287205257065
0.02801236954000774
0.017450328565906458
0.011939698492462313
0.008725164282953229
0.005510630073444146
0.003214534209509085
0.002831851565519907
0.0009184383455740241
0.008495554696559722
0.00229609586393506
0.005969849246231156
0.00045921917278701204
0.00443911867027445
0.00229609586393506
0.006964824120603016
0.0009184383455740241
0.00045921917278701204
0.005969849246231156
0.00229609586393506
0.003367607267104755
0.0013776575183610364
0.0013776575183610364
0.0023726323927328956
0.0018368766911480482
0.008495554696559722
0.0013776575183610364
0.008572091225357556
0.00045921917278701204
0.0050514109006571314
0.00045921917278701204
0.0013776575183610364
0.004821801314263626
0.006888287591805179
0.0013776575183610364
0.00045921917278701204
0.008495554696559722
0.0032910707383069196
0.0013776575183610364
0.00903131039814457
0.0013776575183610364
0.002908388094317743
0.0013776575183610364
0.002908388094317743
0.0013776575183610364
0.0018368766911480482
0.00443911867027445
0.0009184383455740241
0.004898337843061462
0.005434093544646309
0.00045921917278701204
0.002449168921530731
0.0013776575183610364
0.0013776575183610364
0.0023726323927328956
0.0018368766911480482
0.0023726323927328956
0.0013776575183610364
0.007500579822187862
0.0013776575183610364
0.005969849246231156
0.0013776575183610364
0.0013776575183610364
0.006429068419018168
0.003367607267104755
0.00045921917278701204
0.001989949748743719
0.00045921917278701204
0.003367607267104755
0.005893312717433321
0.0018368766911480482
0.003367607267104755
0.0034441437959025897
0.0
0.0014541940471588714
0.003520680324700425
0.0
0.00704136064940085
0.0018368766911480482
0.005434093544646309
0.0013776575183610364
0.00045921917278701204
0.0014541940471588714
0.0009184383455740241
0.0034441437959025897
0.0013776575183610364
0.0018368766911480482
0.005893312717433321
0.002831851565519907
0.0009184383455740241
0.005510630073444144
0.0009184383455740241
0.0
0.0014541940471588714
0.0013776575183610364
0.004974874371859297
0.0009184383455740241
0.0018368766911480482
0.006505604947816003
0.00045921917278701204
0.002908388094317743
0.00229609586393506
0.00903131039814457
0.00045921917278701204
0.004515655199072285
0.0009184383455740241
0.00704136064940085
0.0009184383455740241
0.002908388094317743
0.0018368766911480482
0.0018368766911480482
0.004821801314263626
0.004821801314263626
0.0018368766911480482
0.00045921917278701204
0.003979899497487438
0.0013776575183610364
0.0013776575183610364
0.006429068419018168
0.002831851565519907
0.0009184383455740241
0.0014541940471588714
0.00045921917278701204
0.003520680324700425
0.00045921917278701204
0.00045921917278701204
0.00045921917278701204
0.004515655199072285
0.0009184383455740241
0.004515655199072285
0.00045921917278701204
0.00045921917278701204
0.003979899497487438
0.0013776575183610364
0.0013776575183610364
0.0039033629686896017
0.0018368766911480482
0.0013776575183610364
0.002449168921530731
0.00045921917278701204
0.00045921917278701204
0.0025257054503285657
0.0
0.0025257054503285657
0.00045921917278701204
0.006582141476613838
0.00045921917278701204
0.005587166602241979
0.0
0.004056436026285273
0.00045921917278701204
0.0050514109006571314
0.00045921917278701204
0.001989949748743719
0.00045921917278701204
0.0
0.0025257054503285657
0.00045921917278701204
0.002984924623115578
0.0009184383455740241
0.002908388094317743
0.0018368766911480482
0.004974874371859297
0.00045921917278701204
0.002449168921530731
0.0013776575183610364
0.003367607267104755
0.004974874371859297
0.0
0.0
0.002984924623115578
0.0019134132199458832
0.0009184383455740241
0.0009184383455740241
0.002449168921530731
0.0009184383455740241
0.0013776575183610364
0.00443911867027445
0.0019134132199458832
0.0
0.007653652879783533
0.0
0.0
0.003520680324700425
0.0014541940471588714
0.0
0.001989949748743719
0.0009184383455740241
0.007577116350985698
0.00045921917278701204
0.007577116350985698
0.0009184383455740241
0.00045921917278701204
0.002449168921530731
0.002984924623115578
0.0
0.00045921917278701204
0.010102821801314263
0.0013776575183610364
0.00045921917278701204
0.00045921917278701204
0.008572091225357556
0.0013776575183610364
0.0039033629686896017
0.0018368766911480482
0.004898337843061462
0.0018368766911480482
0.0013776575183610364
0.0014541940471588714
0.0
0.0015307305759567065
0.0
0.003520680324700425
0.0009184383455740241
0.0009184383455740241
0.002449168921530731
0.0009184383455740241
0.003979899497487438
0.0009184383455740241
0.002984924623115578
0.00045921917278701204
0.0
0.0009184383455740241
0.0034441437959025897
0.002449168921530731
0.0
0.0
0.0009184383455740241
0.004974874371859297
0.0013776575183610364
0.0013776575183610364
0.004515655199072285
0.0
0.0013776575183610364
0.005969849246231156
0.0013776575183610364
0.00045921917278701204
0.00045921917278701204
0.00045921917278701204
0.00045921917278701204
0.0019134132199458832
0.0023726323927328956
0.0034441437959025897
0.00045921917278701204
0.002449168921530731
0.002449168921530731
0.00045921917278701204
0.00045921917278701204
0.0025257054503285657
0.0
0.002449168921530731
0.0034441437959025897
0.0009184383455740241
0.00045921917278701204
0.004056436026285273
0.0
0.0009184383455740241
0.00443911867027445
0.0034441437959025897
0.0
0.0
0.0025257054503285657
0.00045921917278701204
0.003520680324700425
0.00045921917278701204
0.003520680324700425
0.00045921917278701204
0.00045921917278701204
0.0009184383455740241
0.006582141476613838
0.0
0.00045921917278701204
0.0009184383455740241
0.002984924623115578
0.00045921917278701204
0.0
0.001989949748743719
0.0014541940471588714
0.00045921917278701204
0.001989949748743719
0.00045921917278701204
0.004515655199072285
0.0009184383455740241
0.00045921917278701204
0.003520680324700425
0.00045921917278701204
0.0009184383455740241
0.002449168921530731
0.0009184383455740241
0.002449168921530731
0.0009184383455740241
0.00045921917278701204
0.0034441437959025897
0.0034441437959025897
0.00045921917278701204
0.0025257054503285657
0.0
0.0
0.003061461151913413
0.0
0.002449168921530731
0.002908388094317743
0.0019134132199458832
0.00045921917278701204
0.0
0.0014541940471588714
0.002984924623115578
0.00045921917278701204
