0.0180008942322023
0.01859108748571713
0.025476675443390138
0.01859108748571713
0.017115604351930054
0.02055839833076656
0.026263599781409908
0.015640121218142983
0.026411148094788613
0.016525411098415224
0.025083213274380248
0.015935217844900394
0.021787967608922452
0.01750906652093994
0.015049927964628153
0.02168960206666998
0.01947637736598937
0.042789010879825125
0.01888618411247454
0.02739480351731333
0.019181280739231952
0.01888618411247454
0.026411148094788613
0.019181280739231952
0.027739082915196982
0.01859108748571713
0.019771473992746785
0.02916538327785782
0.028378458939838046
0.014754831337870734
0.02390282676735059
0.031231059665159717
0.01416463808435591
0.023361816284961992
0.019771473992746785
0.023952009538476825
0.02296835411595211
0.01947637736598937
0.02296835411595211
0.024296288936360478
0.01947637736598937
0.023509364598340705
0.02601768592577873
0.023017536887078346
0.03349346713696657
0.029903124844751355
0.02950966267574147
0.042100452084057834
0.03305082219683045
0.03305082219683045
0.04170698991504795
0.04249391425306771
0.06315067812608674
0.062216205474688265
0.04898604004173084
0.06983953499925481
0.05724874559093846
0.07470862934075216
0.06167519499229968
0.0663967410204183
0.07111828704853694
0.08597148392866015
0.07524963982314074
0.07765959560832632
0.07908589597098714
0.09423418947786776
0.08380744199910578
0.09629986586516966
0.1091365691291172
0.0864633116399225
0.11184162154106017
0.09620150032291719
0.07938099259774456
0.07761041283720006
0.08302051766108601
0.0746594465696259
0.10377564707635749
0.0758398330766556
0.07170848030205176
0.08016791693576432
0.08218441055194
0.06521635451338864
0.05164190968254758
0.07879079934422972
0.05282229618957723
0.053412489443092064
0.07638084355904416
0.04721546028118634
0.04042823786576582
0.03895275473197874
0.04288737642207761
0.03895275473197874
0.04495305280937951
0.04337920413333996
0.028919469422226642
0.032854091112325505
0.04170698991504795
0.03157533906304338
0.0487893089572259
0.03452630533061753
0.03334591882358787
0.03860847533409509
0.046526901485419055
0.03452630533061753
0.046182622087535395
0.04308410750658255
0.07682348849918029
0.04367430076009737
0.06388841969298029
0.04573997714739927
0.07898753042873466
0.049281136668488254
0.060740722340901186
0.08449600079487307
0.06078990511202743
0.07077400765065331
0.07303641512246013
0.0702329971682647
0.07628247801679171
0.06757712752744796
0.06433106463311641
0.1069233444284366
0.07082319042177951
0.12866212926623283
0.06846241740772022
0.12895722589299022
0.07141338367529437
0.08838143971384571
0.09359481345322668
0.06580654776690348
0.06521635451338864
0.11090714888966167
0.06905261066123505
0.07859406825972477
0.06428188186199019
0.054002682696606887
0.059314421978240356
0.0707740076506533
0.049871329922003084
0.04662526702767152
0.044264494013612196
0.0529206617318297
0.045346514978389395
0.03482140195737494
0.04918277112623578
0.030099855929256306
0.03614933677778329
0.035411595210889754
0.03187043568980079
0.04180535545730041
0.024197923394108003
0.03629688509116201
0.024788116647622833
0.023410999056088233
0.0200665706195042
0.029460479904615235
0.022132247006806098
0.020951860499776445
0.03275572557007303
0.020951860499776445
0.019181280739231952
0.031083511351781015
0.01741070097868747
0.032804908341199264
0.02360773014059317
0.024197923394108003
0.029067017735605348
0.026804610263798507
0.02272244026032093
0.026804610263798507
0.027345620746187096
0.025673406527895078
0.03555914352426847
0.024788116647622833
0.03128024243628596
0.025968503154652496
0.03393611207710268
0.030099855929256306
0.03069004918277113
0.031280242436285965
0.040674151721396996
0.03334591882358787
0.035411595210889754
0.046084256545282934
0.0380674648517065
0.04042823786576582
0.061773560534552144
0.039838044612250975
0.06044562571414377
0.04731382582343883
0.044264494013612196
0.04190372099955289
0.09147995429479854
0.04072333449252323
0.05833076655571564
0.04249391425306771
0.04308410750658255
0.06905261066123504
0.04780565353470118
0.04633017040091411
0.06359332306622287
0.062216205474688265
0.04751055690794377
0.05282229618957723
0.08887326742510805
0.04721546028118634
0.051691092453673815
0.07308559789358637
0.04367430076009737
0.06521635451338864
0.04544488052064186
0.05331412390083959
0.06998708331263351
0.05164190968254758
0.049281136668488254
0.061527646678920966
0.05311739281633466
0.061429281136668484
0.0513959958269164
0.046920363654428934
0.07111828704853694
0.048100750161458594
0.05356003775647076
0.0508549853445278
0.05237965124944111
0.04573997714739927
0.06054399125639625
0.055920810770530086
0.04514978389388445
0.05464205872124796
0.05478960703462666
0.05439614486561678
0.04367430076009737
0.06949525560137117
0.06034726017189131
0.0401331412390084
0.0421988176263103
0.04514978389388445
0.06138009836554226
0.049133588355109545
0.044264494013612196
0.04529733220726316
0.04337920413333996
0.04603507377415669
0.06383923692185405
0.044264494013612196
0.03865765810522133
0.048690943414973424
0.0441169457002335
0.03688707834467683
0.06108500173878484
0.03216553231655821
0.06506880620000993
0.04190372099955289
0.04583834268965175
0.04190372099955289
0.05724874559093845
0.03718217497143426
0.03216553231655821
0.05995379800288141
0.04126434497491182
0.03452630533061753
0.061921108847930846
0.04898604004173084
0.054592875950121716
0.0663967410204183
0.08498782850613543
0.12590789408316358
0.15108947289979632
0.21453524765264048
0.29893288290526115
0.4043315614287844
0.4497272591783
0.580897709771971
0.68752595757365
0.8569114213324059
0.8227293953996722
0.9175537781310548
0.9862129266232796
0.887945749913061
0.99
0.7566277510060112
0.7184619206120523
0.5524208852898804
0.46389189726265595
0.4398907049530528
0.2762104426449402
0.2071578319837051
0.14135128421680165
0.11444830841075067
0.06492125788663122
0.05272393064732476
0.03069004918277113
0.022427343633563517
0.0180008942322023
0.015640121218142983
0.017705797605444877
0.014558100253365795
0.011508768443539173
0.010623478563266928
0.013279348204083661
0.0100332853097521
0.0100332853097521
0.020410850017387846
0.013131799890704954
0.00944309205623727
0.017164787123056288
0.014508917482239555
0.00944309205623727
0.013672810373093548
0.0100332853097521
0.0100332853097521
0.02291917134482587
0.008262705549207612
0.014115455313229669
0.009147995429479855
0.011705499528044117
0.012049778925927766
0.008852898802722439
0.020312484475135378
0.009147995429479855
0.015590938447016743
0.011557951214665407
0.010672661334393166
0.009147995429479855
0.012295692781558945
0.011508768443539173
0.017509066520939937
0.009738188682994685
0.018197625316707235
0.011951413383675296
0.008262705549207612
0.018984549654727012
0.0100332853097521
0.011951413383675296
0.011262854587907996
0.010623478563266928
0.014312186397734612
0.009147995429479855
0.008852898802722439
0.008557802175965027
0.02341099905608823
0.00678722241542054
0.011115306274529287
0.018394356401212186
0.007377415668935367
0.007082319042177955
0.010672661334393166
0.007721695066819018
0.006197029161905708
0.005311739281633464
0.009393909285111034
0.009934919767499628
0.009639823140742214
0.00678722241542054
0.006197029161905708
0.006492125788663124
0.01701723880967758
0.005901932535148292
0.011016940732276817
0.008262705549207612
0.020853494957523974
0.005901932535148292
0.016033583387152862
0.006492125788663124
0.006197029161905708
0.005901932535148292
0.006492125788663124
0.007377415668935367
0.011361220130160466
0.006492125788663124
0.011705499528044117
0.007082319042177955
0.013820358686472254
0.003836256147846391
0.00944309205623727
0.013967906999850963
0.00678722241542054
0.004721546028118635
0.00713150181330419
0.012000596154801531
0.007377415668935367
0.012394058323811416
0.005606835908390879
0.013082617119578718
0.00678722241542054
0.013623627601967312
0.008705350489343735
0.005311739281633464
0.01106612350340305
0.007967608922450197
0.0100332853097521
0.006197029161905708
0.009787371454120921
0.006492125788663124
0.006197029161905708
0.011115306274529287
0.006197029161905708
0.005606835908390879
0.006197029161905708
0.011361220130160466
0.009049629887227385
0.005901932535148292
0.006197029161905708
0.00816434000695514
0.006541308559789359
0.005311739281633464
0.005901932535148292
0.006492125788663124
0.008115157235828905
0.00713150181330419
0.006197029161905708
0.015099110735754385
0.005311739281633464
0.006492125788663124
0.014017089770977199
0.00678722241542054
0.007082319042177955
0.011361220130160466
0.00678722241542054
0.015738486760395447
0.00501664265487605
0.01504992796462815
0.007377415668935367
0.006492125788663124
0.011164489045655522
0.00501664265487605
0.005311739281633464
0.008361071091460082
0.014263003626608376
0.007082319042177955
0.01057429579214069
0.015000745193501914
0.004426449401361219
0.012246510010432709
0.005311739281633464
0.010525113021014457
0.005901932535148292
0.012295692781558945
0.014017089770977199
0.004426449401361219
0.016131948929405334
0.006197029161905708
0.005311739281633464
0.005311739281633464
0.005311739281633464
0.005311739281633464
0.00826270554920761
0.005311739281633464
0.00782006060907149
0.00806597446470267
0.00806597446470267
0.00678722241542054
0.015738486760395447
0.00501664265487605
0.005606835908390879
0.009885736996373393
0.005311739281633464
0.017164787123056288
0.004426449401361219
0.004721546028118635
0.0072790501266828955
0.005901932535148292
0.009197178200606093
0.005606835908390879
0.00826270554920761
0.00501664265487605
0.007869243380197724
0.00782006060907149
0.006197029161905708
0.00850861940483879
0.005901932535148292
0.005606835908390879
0.008557802175965025
0.005606835908390879
0.015689303989269213
0.007082319042177955
0.007672512295692782
0.013476079288588605
0.00944309205623727
0.010328381936509512
0.01913209796810572
0.023017536887078346
0.03772318545382285
0.04751055690794377
0.08370907645685331
0.1100710417805157
0.14961398976600926
0.1903373242585325
0.25938993491976753
0.3436400218590094
0.40723334492523233
0.49428684981866955
0.6321461572855085
0.6826568632321526
0.6843290774504447
0.822680212628546
0.7466928312385117
0.7525455810025338
0.6837388841969299
0.6876735058870288
0.5716021660291123
0.5482403497441504
0.40192160564359874
0.3346395747429083
0.3142287247255204
0.20037060956828462
0.14459734711113317
0.10741517213969895
0.07761041283720006
0.049281136668488254
0.03511649858413235
0.022427343633563517
0.013279348204083665
0.012394058323811416
0.017312335436434997
0.006492125788663124
0.00678722241542054
0.015689303989269213
0.005901932535148292
0.011557951214665407
0.004426449401361219
0.005311739281633464
0.009787371454120921
0.00875453326046997
0.006197029161905708
0.007082319042177955
0.020361667246261615
0.004131352774603806
0.007426598440061603
0.003836256147846391
0.009049629887227384
0.004426449401361219
0.013574444830841076
0.00501664265487605
0.0035411595210889774
0.008754533260469969
0.004131352774603806
0.0076233295245665455
0.006197029161905708
0.014263003626608376
0.002655869640816732
0.00968900591186845
0.006590491330915595
0.006000298077400766
0.004131352774603806
0.004426449401361219
0.004721546028118635
0.01854190471459089
0.003836256147846391
0.0063937602464106515
0.00501664265487605
0.005311739281633464
0.0076233295245665455
0.00501664265487605
0.004721546028118635
0.004721546028118635
0.011361220130160466
0.003246062894331562
0.004721546028118635
0.01057429579214069
0.005606835908390879
0.004426449401361219
0.005410104823885935
0.004426449401361219
0.004131352774603806
0.004426449401361219
0.004721546028118635
0.007328232897809131
0.00501664265487605
0.008656167718217499
0.004426449401361219
0.007082319042177953
0.003836256147846391
0.005115008197128522
0.0058035669928958224
0.003246062894331562
0.002950966267574146
0.007082319042177953
0.006000298077400766
0.007082319042177953
0.002950966267574146
0.005164190968254756
0.004426449401361219
0.00968900591186845
0.004131352774603806
0.004426449401361219
0.0076233295245665455
0.008656167718217499
0.0035411595210889774
0.003836256147846391
0.006197029161905708
0.002655869640816732
0.002950966267574146
0.004869094341497343
0.003836256147846391
0.007672512295692782
0.006639674102041831
0.005410104823885935
0.003246062894331562
0.003246062894331562
0.006836405186546774
0.0035411595210889774
0.00826270554920761
0.0011803865070296588
0.003393611207710269
0.002655869640816732
0.011803865070296585
0.003246062894331562
0.01047593024988822
0.002950966267574146
0.009787371454120921
0.003836256147846391
0.002950966267574146
0.004524814943613693
0.004475632172487457
0.004131352774603806
0.004426449401361219
0.005754384221769587
0.004131352774603806
0.008115157235828903
0.003246062894331562
0.002950966267574146
0.0072790501266828955
0.0017705797605444887
0.004967459883749814
0.003246062894331562
0.004229718316856278
0.003246062894331562
0.0072790501266828955
0.001475483133787073
0.007672512295692782
0.002065676387301903
0.006590491330915594
0.003246062894331562
0.00595111530627453
0.0017705797605444887
0.010230016394257042
0.002950966267574146
0.002950966267574146
0.002950966267574146
0.005262556510507228
0.002655869640816732
0.0017705797605444887
0.008902081573848678
0.003246062894331562
0.005213373739380993
0.003246062894331562
0.006246211933031944
0.0023607730140593176
0.008656167718217499
0.0011803865070296588
0.002065676387301903
0.010918575190024343
0.002065676387301903
0.0023607730140593176
0.005656018679517114
0.002065676387301903
0.0046231804858661634
0.004278901087982513
0.0023607730140593176
0.004377266630234984
0.001475483133787073
0.005016642654876049
0.0033444284365840332
0.0017705797605444887
0.004032987232351334
0.0023607730140593176
0.004967459883749814
0.002655869640816732
0.0036395250633414478
0.002655869640816732
0.005213373739380993
0.0072790501266828955
0.0008852898802722444
0.006049480848527001
0.0023607730140593176
0.008656167718217499
0.0011803865070296588
0.0018197625316707239
0.0018197625316707239
0.0011803865070296588
0.006000298077400765
0.002950966267574146
0.00629539470415818
0.0017705797605444887
0.0034427939788365045
0.0011803865070296588
0.002754235183069204
0.0037378906055939194
0.001475483133787073
0.001475483133787073
0.0036887078344676836
0.004328083859108749
0.002065676387301903
0.006639674102041831
0.0023607730140593176
0.0011803865070296588
0.0034427939788365045
0.0017705797605444887
0.001475483133787073
0.005705201450643351
0.002065676387301903
0.00629539470415818
0.002655869640816732
0.0030493318098266187
0.001475483133787073
0.004721546028118635
0.002065676387301903
0.002065676387301903
0.002065676387301903
0.002065676387301903
0.002065676387301903
0.003393611207710269
0.0017705797605444887
0.00477072879924487
0.0008852898802722444
0.004426449401361219
0.002065676387301903
0.006344577475284415
0.0017705797605444887
0.0008852898802722444
0.005065825426002286
0.0037378906055939194
0.0008852898802722444
0.0011803865070296588
0.002754235183069204
0.003393611207710269
0.002803417954195439
0.0002950966267574147
0.0025575040985642604
0.0008852898802722444
0.0008852898802722444
0.0028526007253216754
0.0008852898802722444
0.0028526007253216754
0.0008852898802722444
0.0060986636196532365
0.001475483133787073
0.0011803865070296588
0.0017705797605444887
0.0037378906055939194
0.002114859158428139
0.0008852898802722444
0.002655869640816732
0.013426896517462367
0.0035411595210889774
0.013131799890704954
0.015935217844900394
0.015935217844900394
0.02272244026032093
0.03393611207710268
0.048395846788216006
0.0813974862139202
0.07997118585125938
0.144351433255502
0.13692483481544043
0.16171295146306328
0.2115350986139401
0.20922350837100703
0.26701326444433404
0.249061552983258
0.27439068011326945
0.25938993491976753
0.2946539818172786
0.3034085150777486
0.23253614188484284
0.26411148094788617
0.17764816930796365
0.16072929604053857
0.1339738685478663
0.1268423667345621
0.07347906006259626
0.06846241740772022
0.04711709473893388
0.028034179541954394
0.04436285955586467
0.01741070097868747
0.020017387848377963
0.005901932535148292
0.01165631675691788
0.002655869640816732
0.002655869640816732
0.008656167718217499
0.0008852898802722444
0.0015246659049133094
0.0025575040985642604
0.0
0.005557653137264643
0.0002950966267574147
0.001573848676039545
0.0008852898802722444
0.003541159521088976
0.0002950966267574147
0.003246062894331561
0.0002950966267574147
0.0008852898802722444
0.005115008197128521
0.001475483133787073
0.0011803865070296588
0.0015246659049133094
0.0012295692781558944
0.0002950966267574147
0.0009344726513984799
0.0009344726513984799
0.0002950966267574147
0.003885438918972627
0.0005901932535148294
0.001573848676039545
0.0005901932535148294
0.003541159521088976
0.0005901932535148294
0.001573848676039545
0.0005901932535148294
0.0022132247006806096
0.0008852898802722444
0.001573848676039545
0.0002950966267574147
0.0002950966267574147
0.0005901932535148294
0.0008852898802722444
0.0031968801232053258
0.0005901932535148294
0.0012295692781558944
0.001573848676039545
0.0002950966267574147
0.0005901932535148294
0.0022132247006806096
0.0008852898802722444
0.001475483133787073
0.002065676387301903
0.002655869640816732
0.004426449401361219
0.006492125788663124
0.0100332853097521
0.015443390133638036
0.01888618411247454
0.026263599781409908
0.027739082915196982
0.0681673207809628
0.055478165830393965
0.09743106960107309
0.09118485766804116
0.1364330071041781
0.16122112375180092
0.16554920761090963
0.18295990858959707
0.27616125987381396
0.23460181827214466
0.27994833325053403
0.2623409011873417
0.2796040538526504
0.3006050971235531
0.2443400069551394
0.2774891946942223
0.2488156391276268
0.19948531968801234
0.1702707536390283
0.1440071538576184
0.12187490685081229
0.10033285309752102
0.08916836405186547
0.06521635451338864
0.05075661980227533
0.042936559193203834
0.020361667246261615
0.028034179541954394
0.012098961697054001
0.008262705549207612
0.005901932535148292
0.007082319042177953
0.0023607730140593176
0.004328083859108749
0.0027050524119429675
0.001475483133787073
0.0011803865070296588
0.0028526007253216754
0.0005901932535148294
0.0029017834964479112
0.0002950966267574147
0.0012787520492821302
0.0002950966267574147
0.0005901932535148294
0.0029017834964479112
0.0002950966267574147
0.0002950966267574147
0.001573848676039545
0.001573848676039545
0.0002950966267574147
0.0005901932535148294
0.0028526007253216754
0.0011803865070296588
0.0008852898802722444
0.002114859158428139
0.0037378906055939194
0.0017705797605444887
0.0046231804858661634
0.004573997714739928
0.002950966267574146
0.010377564707635751
0.010918575190024343
0.015049927964628153
0.03393611207710268
0.02331263351383576
0.035706691837647186
0.052232102936062404
0.08720105320681604
0.08380744199910578
0.11769437130508222
0.12895722589299022
0.1516796661533112
0.17823836256147849
0.2343067216453873
0.21364995777236825
0.22481444681802382
0.22515872621590735
0.25747180684584425
0.22781459585672414
0.27891549505688307
0.19919022306125495
0.21615827909980623
0.1908291519697948
0.1457777336181629
0.1524174077202047
0.108890655273486
0.10967757961150577
0.059314421978240356
0.07308559789358637
0.04160862437279548
0.030985145809528544
0.021837150380048687
0.01416463808435591
0.012639972179442596
0.006197029161905708
0.009344726513984797
0.002655869640816732
0.013525262059714839
0.0017705797605444887
0.0008852898802722444
0.0012295692781558944
0.0005901932535148294
0.0022624074718068455
0.0
0.0002950966267574147
0.0012787520492821302
0.0002950966267574147
0.0002950966267574147
0.0029017834964479112
0.0005901932535148294
0.0012295692781558944
0.0012295692781558944
0.0005901932535148294
0.0002950966267574147
0.0002950966267574147
0.0022624074718068455
0.0002950966267574147
0.0012787520492821302
0.0002950966267574147
0.0035903422922152115
0.0
0.0026066868696904963
0.0002950966267574147
0.005852749764022057
0.0005901932535148294
0.0022624074718068455
0.0
0.0016230314471657806
0.0002950966267574147
0.0
0.0025575040985642604
0.0025575040985642604
0.0
0.0019181280739231955
0.0008852898802722444
0.0008852898802722444
0.0008852898802722444
0.0025575040985642604
0.0002950966267574147
0.0012787520492821302
0.0002950966267574147
0.001573848676039545
0.0008852898802722444
0.0008852898802722444
0.0012295692781558944
0.0005901932535148294
0.0002950966267574147
0.0002950966267574147
0.0022624074718068455
0.0002950966267574147
0.0016230314471657806
0.0
0.0
0.0026066868696904963
0.0002950966267574147
0.0002950966267574147
0.0019181280739231955
0.0005901932535148294
0.0019181280739231955
0.0002950966267574147
0.0022624074718068455
0.0002950966267574147
0.0025575040985642604
0.0012295692781558944
0.0002950966267574147
0.0002950966267574147
0.0012295692781558944
0.0022132247006806096
0.0005901932535148294
0.0005901932535148294
0.004180535545730041
0.0008852898802722444
0.0005901932535148294
0.010525113021014455
0.004721546028118635
0.008656167718217499
0.010623478563266928
0.01996820507725173
0.01947637736598937
0.02714888966168216
0.0360017884644046
0.05267474787619853
0.0663967410204183
0.08970937453425407
0.21655174126881613
